{
 "cells": [
  {
   "cell_type": "markdown",
   "metadata": {},
   "source": [
    "# Creating the entangled states\n",
    "Create states using Bures measure ([arXiv:1102.4598](https://arxiv.org/abs/1102.4598)) and them check the PPT criterion to use the ones that are entangled.\n"
   ]
  },
  {
   "cell_type": "code",
   "execution_count": 2,
   "metadata": {},
   "outputs": [],
   "source": [
    "import numpy as np\n",
    "from numpy import linalg as LA\n",
    "from random import random\n",
    "from scipy.stats import unitary_group"
   ]
  },
  {
   "cell_type": "code",
   "execution_count": 3,
   "metadata": {},
   "outputs": [],
   "source": [
    "# Generation of the random matrix from the Ginibre ensemble\n",
    "'''A complex matrix with elements having real and complex part distributed with the normal distribution'''\n",
    "def G_matrix(m,n):\n",
    "    # Matrix G of size m x n\n",
    "    G = np.zeros((m,n),dtype=np.complex_)\n",
    "    for k in range(m):\n",
    "        for l in range(n):\n",
    "            G[k,l] = random()+random()*1j\n",
    "    return G"
   ]
  },
  {
   "cell_type": "code",
   "execution_count": 4,
   "metadata": {},
   "outputs": [],
   "source": [
    "# Generation a random mixed density matrix (Bures metric)\n",
    "def rho_mixed(n):\n",
    "    # Create random unitary matrix\n",
    "    U = unitary_group.rvs(n)\n",
    "    # Create random Ginibre matrix\n",
    "    G = G_matrix(n,n)\n",
    "    # Create identity matrix\n",
    "    I = np.eye(4)\n",
    "    # Construct density matrix\n",
    "    rho = (I+U)*G*(G.conjugate().T)*(I+U.conjugate().T)\n",
    "    # Normalize density matrix\n",
    "    rho = rho/(rho.trace())\n",
    "    return rho"
   ]
  },
  {
   "cell_type": "code",
   "execution_count": null,
   "metadata": {},
   "outputs": [],
   "source": [
    "# Generation a random mixed density matrix (Hilbert-Schmidt metric)\n",
    "def rho_mixed_HS(n):\n",
    "    # Create random Ginibre matrix\n",
    "    G = G_matrix(n,n)\n",
    "    # Construct density matrix\n",
    "    rho = G*(G.conjugate().T)\n",
    "    # Normalize density matrix\n",
    "    rho = rho/(rho.trace())\n",
    "    return rho"
   ]
  },
  {
   "cell_type": "code",
   "execution_count": 5,
   "metadata": {},
   "outputs": [],
   "source": [
    "# Entanglement certification using PPT criterion\n",
    "def Ent_cert(rho):\n",
    "    # Calculate partial transpose\n",
    "    n = rho.shape\n",
    "    rho_TA = np.zeros((n[0],n[1]),dtype=np.complex_)\n",
    "    a = int(n[0]/2)\n",
    "    b = int(n[1]/2)\n",
    "    rho_TA[:a,:b] = rho[:a,:b]\n",
    "    rho_TA[a:,b:] = rho[a:,b:]\n",
    "    rho_TA[a:,:b] = rho[a:,:b].T\n",
    "    rho_TA[:a,b:] = rho[:a,b:].T\n",
    "    # v - eigenvectors, w - eigenvalues\n",
    "    w, v = LA.eig(rho_TA)\n",
    "    # PPT Criterion: Are all eigenvalues >=0?\n",
    "    if all(i >= 0 for i in w):\n",
    "        print('Yes: separable state.')\n",
    "        ppt = 0\n",
    "    else:\n",
    "        print('No: entangled state.')\n",
    "        ppt = 1\n",
    "    return w,v,ppt"
   ]
  },
  {
   "cell_type": "code",
   "execution_count": 13,
   "metadata": {},
   "outputs": [
    {
     "name": "stdout",
     "output_type": "stream",
     "text": [
      "For x =  0.0\n",
      "Yes: separable state.\n",
      "For x =  0.1\n",
      "Yes: separable state.\n",
      "For x =  0.2\n",
      "Yes: separable state.\n",
      "For x =  0.3\n",
      "Yes: separable state.\n",
      "For x =  0.4\n",
      "No: entangled state.\n",
      "For x =  0.5\n",
      "No: entangled state.\n",
      "For x =  0.6\n",
      "No: entangled state.\n",
      "For x =  0.7\n",
      "No: entangled state.\n",
      "For x =  0.8\n",
      "No: entangled state.\n",
      "For x =  0.9\n",
      "No: entangled state.\n",
      "Yes: separable state.\n"
     ]
    }
   ],
   "source": [
    "# Certification of Werner State\n",
    "# x>1/3: entangled state!\n",
    "for i in range(10):\n",
    "    x = i/10\n",
    "    print('For x = ',x)\n",
    "    rho = (1/4)*np.array([[1+x,0,0,2*x],[0,1-x,0,0],[0,0,1-x,0],[2*x,0,0,1+x]])\n",
    "    w,v,ppt = Ent_cert(rho)\n",
    "x = 1/3+10**(-17)\n",
    "rho = (1/4)*np.array([[1+x,0,0,2*x],[0,1-x,0,0],[0,0,1-x,0],[2*x,0,0,1+x]])\n",
    "w,v,ppt = Ent_cert(rho)"
   ]
  },
  {
   "cell_type": "code",
   "execution_count": 16,
   "metadata": {},
   "outputs": [
    {
     "name": "stdout",
     "output_type": "stream",
     "text": [
      "For i =  0\n",
      "[[ 0.38331387+1.15784881e-17j -0.01310073+2.20040078e-01j\n",
      "   0.03095183-2.11615226e-03j  0.02233311+8.84388873e-02j]\n",
      " [-0.01310073-2.20040078e-01j  0.22939293+4.74067115e-18j\n",
      "   0.07801682-7.77440779e-02j  0.23135584-5.17782827e-02j]\n",
      " [ 0.03095183+2.11615226e-03j  0.07801682+7.77440779e-02j\n",
      "   0.19344257+1.82211828e-19j  0.17058672-3.54797294e-02j]\n",
      " [ 0.02233311-8.84388873e-02j  0.23135584+5.17782827e-02j\n",
      "   0.17058672+3.54797294e-02j  0.19385063-1.65013711e-17j]]\n",
      "[[ 0.+0.j -0.+0.j  0.-0.j  0.+0.j]\n",
      " [ 0.+0.j  0.+0.j  0.-0.j  0.-0.j]\n",
      " [ 0.-0.j  0.-0.j  0.+0.j  0.-0.j]\n",
      " [-0.+0.j -0.-0.j -0.-0.j  0.-0.j]]\n",
      "(1+0j)\n",
      "No: entangled state.\n",
      "For i =  1\n",
      "[[0.20913217+1.57619047e-17j 0.53141697+7.30981151e-01j\n",
      "  0.57589974-4.14881262e-01j 0.15790599+5.20002161e-02j]\n",
      " [0.53141697-7.30981151e-01j 0.06645488+4.74147966e-19j\n",
      "  0.58340058-1.23765340e-01j 0.33647262+1.38477031e-01j]\n",
      " [0.57589974+4.14881262e-01j 0.58340058+1.23765340e-01j\n",
      "  0.6237773 -2.40889617e-17j 0.08587344-2.39196946e-01j]\n",
      " [0.15790599-5.20002161e-02j 0.33647262-1.38477031e-01j\n",
      "  0.08587344+2.39196946e-01j 0.10063565+7.85290911e-18j]]\n",
      "[[ 0.+0.j  0.+0.j  0.+0.j  0.+0.j]\n",
      " [ 0.+0.j  0.+0.j  0.+0.j  0.+0.j]\n",
      " [ 0.+0.j  0.+0.j  0.-0.j -0.+0.j]\n",
      " [ 0.+0.j  0.+0.j  0.+0.j  0.+0.j]]\n",
      "(1+0j)\n",
      "No: entangled state.\n",
      "For i =  2\n",
      "[[0.37714632-1.22189667e-17j 0.16476094-1.12649435e-01j\n",
      "  0.11862559+3.58576291e-02j 0.38435746+3.63443633e-02j]\n",
      " [0.16476094+1.12649435e-01j 0.59582125+1.41398885e-17j\n",
      "  0.79679975-5.70472514e-02j 0.12454733-2.47303510e-01j]\n",
      " [0.11862559-3.58576291e-02j 0.79679975+5.70472514e-02j\n",
      "  0.01422661-1.50603258e-18j 0.35709334-2.08587948e-01j]\n",
      " [0.38435746-3.63443633e-02j 0.12454733+2.47303510e-01j\n",
      "  0.35709334+2.08587948e-01j 0.01280583-4.14889272e-19j]]\n",
      "[[ 0.-0.j  0.+0.j -0.-0.j  0.-0.j]\n",
      " [-0.+0.j  0.+0.j -0.-0.j  0.-0.j]\n",
      " [ 0.-0.j  0.-0.j  0.-0.j  0.+0.j]\n",
      " [ 0.-0.j -0.-0.j  0.+0.j  0.-0.j]]\n",
      "(1+0j)\n",
      "No: entangled state.\n",
      "For i =  3\n",
      "[[0.45667568+1.48292678e-17j 0.02782955+7.89168874e-03j\n",
      "  0.01871604-4.89667010e-03j 0.04134026+4.00657171e-02j]\n",
      " [0.02782955-7.89168874e-03j 0.09353068+6.84089051e-19j\n",
      "  0.04131035-6.04972053e-02j 0.23859004-6.30096390e-02j]\n",
      " [0.01871604+4.89667010e-03j 0.04131035+6.04972053e-02j\n",
      "  0.08654398+2.81027403e-18j 0.11573616+4.37086871e-02j]\n",
      " [0.04134026-4.00657171e-02j 0.23859004+6.30096390e-02j\n",
      "  0.11573616-4.37086871e-02j 0.36324966-1.83236309e-17j]]\n",
      "[[ 0.+0.j -0.+0.j  0.+0.j  0.+0.j]\n",
      " [ 0.+0.j  0.+0.j  0.+0.j  0.+0.j]\n",
      " [ 0.+0.j  0.+0.j  0.+0.j  0.+0.j]\n",
      " [ 0.+0.j -0.+0.j  0.+0.j  0.-0.j]]\n",
      "(1-0j)\n",
      "No: entangled state.\n",
      "For i =  4\n",
      "[[0.08905654+2.19463064e-18j 0.06111127+1.02875442e-01j\n",
      "  0.05737874+5.42672278e-01j 0.25504859+1.22119263e-04j]\n",
      " [0.06111127-1.02875442e-01j 0.57240334-3.77109369e-17j\n",
      "  0.25637367-9.87733783e-02j 0.10157819-1.09044818e-01j]\n",
      " [0.05737874-5.42672278e-01j 0.25637367+9.87733783e-02j\n",
      "  0.20862946+1.80325411e-17j 0.00965844-1.22400476e-02j]\n",
      " [0.25504859-1.22119263e-04j 0.10157819+1.09044818e-01j\n",
      "  0.00965844+1.22400476e-02j 0.12991065+1.74837651e-17j]]\n",
      "[[ 0.+0.j  0.+0.j -0.+0.j  0.+0.j]\n",
      " [-0.+0.j  0.-0.j  0.-0.j  0.+0.j]\n",
      " [ 0.+0.j -0.-0.j  0.+0.j -0.+0.j]\n",
      " [ 0.+0.j  0.+0.j  0.+0.j  0.+0.j]]\n",
      "(1+0j)\n",
      "No: entangled state.\n",
      "For i =  5\n",
      "[[0.64567669+1.00784187e-17j 0.15727284+1.80894108e-01j\n",
      "  0.16544074-1.15589665e-02j 0.09298285-1.10638835e-01j]\n",
      " [0.15727284-1.80894108e-01j 0.17160885-9.44097693e-18j\n",
      "  0.05822839+7.57312413e-02j 0.03637213-1.89774579e-01j]\n",
      " [0.16544074+1.15589665e-02j 0.05822839-7.57312413e-02j\n",
      "  0.01157937+8.86071588e-19j 0.0490961 -2.62848509e-02j]\n",
      " [0.09298285+1.10638835e-01j 0.03637213+1.89774579e-01j\n",
      "  0.0490961 +2.62848509e-02j 0.17113509-1.52351331e-18j]]\n",
      "[[ 0.+0.j  0.+0.j  0.-0.j -0.+0.j]\n",
      " [ 0.+0.j  0.-0.j -0.+0.j  0.+0.j]\n",
      " [ 0.-0.j  0.+0.j  0.+0.j  0.+0.j]\n",
      " [ 0.+0.j -0.+0.j -0.+0.j  0.-0.j]]\n",
      "(1-0j)\n",
      "No: entangled state.\n",
      "For i =  6\n",
      "[[0.19738546+7.58406535e-18j 0.04839326-5.73584478e-02j\n",
      "  0.035578  +8.70058155e-03j 0.0259404 +2.13253951e-01j]\n",
      " [0.04839326+5.73584478e-02j 0.3131863 -2.23047097e-17j\n",
      "  0.16138685-5.56993555e-02j 0.01935228-1.23887988e-02j]\n",
      " [0.035578  -8.70058155e-03j 0.16138685+5.56993555e-02j\n",
      "  0.09285472-3.95513783e-19j 0.10613805-6.79723681e-03j]\n",
      " [0.0259404 -2.13253951e-01j 0.01935228+1.23887988e-02j\n",
      "  0.10613805+6.79723681e-03j 0.39657353+1.51161581e-17j]]\n",
      "[[ 0.+0.j  0.-0.j  0.+0.j  0.+0.j]\n",
      " [ 0.-0.j  0.-0.j  0.-0.j -0.-0.j]\n",
      " [ 0.+0.j  0.-0.j  0.-0.j  0.-0.j]\n",
      " [ 0.+0.j  0.-0.j  0.-0.j  0.+0.j]]\n",
      "(1-0j)\n",
      "No: entangled state.\n",
      "For i =  7\n",
      "[[0.01869329+1.39670930e-19j 0.47230366-7.45710165e-01j\n",
      "  0.43569457-1.82352718e-01j 0.62896788-2.24042314e-01j]\n",
      " [0.47230366+7.45710165e-01j 0.32373284-9.50421093e-18j\n",
      "  0.06489655+9.10107553e-02j 0.13187242-2.25337621e-01j]\n",
      " [0.43569457+1.82352718e-01j 0.06489655-9.10107553e-02j\n",
      "  0.47196834-3.48771571e-18j 0.1729833 +6.32691190e-02j]\n",
      " [0.62896788+2.24042314e-01j 0.13187242+2.25337621e-01j\n",
      "  0.1729833 -6.32691190e-02j 0.18560553+1.28522557e-17j]]\n",
      "[[ 0.+0.j  0.-0.j  0.+0.j  0.+0.j]\n",
      " [-0.-0.j  0.-0.j -0.+0.j -0.+0.j]\n",
      " [ 0.+0.j  0.+0.j  0.-0.j  0.+0.j]\n",
      " [ 0.+0.j  0.+0.j -0.+0.j  0.+0.j]]\n",
      "(1+0j)\n",
      "No: entangled state.\n",
      "For i =  8\n",
      "[[0.09144112-2.01927059e-18j 0.16149724-4.65442608e-03j\n",
      "  0.05688698+7.33152667e-03j 0.03246173-2.82796612e-02j]\n",
      " [0.16149724+4.65442608e-03j 0.07424213-1.63946991e-18j\n",
      "  0.02649609+1.59407956e-02j 0.00527315-8.07584158e-02j]\n",
      " [0.05688698-7.33152667e-03j 0.02649609-1.59407956e-02j\n",
      "  0.47876597+1.15102768e-17j 0.05957764+7.80180719e-02j]\n",
      " [0.03246173+2.82796612e-02j 0.00527315+8.07584158e-02j\n",
      "  0.05957764-7.80180719e-02j 0.35555078-7.85153627e-18j]]\n",
      "[[ 0.-0.j  0.-0.j -0.+0.j  0.+0.j]\n",
      " [-0.-0.j  0.-0.j -0.+0.j -0.-0.j]\n",
      " [ 0.+0.j  0.+0.j  0.+0.j  0.-0.j]\n",
      " [ 0.+0.j  0.-0.j  0.-0.j  0.-0.j]]\n",
      "(1+0j)\n",
      "No: entangled state.\n",
      "For i =  9\n",
      "[[ 0.18239496+4.15757825e-18j  0.0662612 -3.19131222e-01j\n",
      "   0.14018468-5.11289886e-02j  0.24710385+1.24494878e-01j]\n",
      " [ 0.0662612 +3.19131222e-01j  0.24990784-1.45651708e-17j\n",
      "   0.04909287-7.86363572e-02j -0.03510775-1.22026508e-01j]\n",
      " [ 0.14018468+5.11289886e-02j  0.04909287+7.86363572e-02j\n",
      "   0.4739429 +8.27052220e-18j  0.06650398-4.71474316e-01j]\n",
      " [ 0.24710385-1.24494878e-01j -0.03510775+1.22026508e-01j\n",
      "   0.06650398+4.71474316e-01j  0.09375431+2.13707039e-18j]]\n",
      "[[ 0.+0.j  0.+0.j  0.-0.j -0.-0.j]\n",
      " [-0.+0.j  0.-0.j -0.+0.j  0.+0.j]\n",
      " [ 0.-0.j  0.+0.j  0.+0.j  0.-0.j]\n",
      " [ 0.-0.j -0.+0.j -0.-0.j  0.+0.j]]\n",
      "(1+0j)\n",
      "No: entangled state.\n",
      "For i =  10\n",
      "[[0.21577537-8.85985492e-18j 0.05369166-2.35438870e-01j\n",
      "  0.12562999+2.00518095e-03j 0.08734048-4.63152905e-02j]\n",
      " [0.05369166+2.35438870e-01j 0.17251183+1.75528985e-17j\n",
      "  0.18233183-3.09998960e-02j 0.0564671 -2.06030172e-02j]\n",
      " [0.12562999-2.00518095e-03j 0.18233183+3.09998960e-02j\n",
      "  0.17559232+9.21430228e-18j 0.50409208+7.34403715e-03j]\n",
      " [0.08734048+4.63152905e-02j 0.0564671 +2.06030172e-02j\n",
      "  0.50409208-7.34403715e-03j 0.43612048-1.79073458e-17j]]\n",
      "[[ 0.-0.j -0.+0.j  0.-0.j  0.+0.j]\n",
      " [ 0.+0.j  0.+0.j  0.-0.j  0.-0.j]\n",
      " [-0.-0.j -0.-0.j  0.+0.j  0.+0.j]\n",
      " [ 0.+0.j -0.-0.j  0.+0.j  0.-0.j]]\n",
      "(1+0j)\n",
      "No: entangled state.\n",
      "For i =  11\n",
      "[[0.32750126-9.61338603e-19j 0.06510135-3.62645990e-02j\n",
      "  0.05501791-9.57371524e-02j 0.0530125 -2.31544911e-02j]\n",
      " [0.06510135+3.62645990e-02j 0.04338411-1.51805650e-18j\n",
      "  0.13799667-1.35948385e-01j 0.01011572-5.46470962e-02j]\n",
      " [0.05501791+9.57371524e-02j 0.13799667+1.35948385e-01j\n",
      "  0.26670864-1.69652730e-17j 0.15990393+9.53036756e-02j]\n",
      " [0.0530125 +2.31544911e-02j 0.01011572+5.46470962e-02j\n",
      "  0.15990393-9.53036756e-02j 0.362406  +1.94446681e-17j]]\n",
      "[[ 0.-0.j -0.+0.j  0.+0.j -0.+0.j]\n",
      " [ 0.+0.j  0.-0.j  0.+0.j  0.-0.j]\n",
      " [ 0.+0.j -0.+0.j  0.-0.j  0.-0.j]\n",
      " [ 0.+0.j -0.-0.j  0.-0.j  0.+0.j]]\n",
      "(1-0j)\n",
      "No: entangled state.\n",
      "For i =  12\n",
      "[[0.17475434+1.91449510e-17j 0.01945111+8.38530854e-03j\n",
      "  0.10056202-1.30014032e-02j 0.10525859+4.57484957e-02j]\n",
      " [0.01945111-8.38530854e-03j 0.23016702-3.07643928e-18j\n",
      "  0.03161303+1.53742137e-02j 0.09726672+1.90985689e-01j]\n",
      " [0.10056202+1.30014032e-02j 0.03161303-1.53742137e-02j\n",
      "  0.20587756+5.11730641e-18j 0.23991036+1.12668317e-01j]\n",
      " [0.10525859-4.57484957e-02j 0.09726672-1.90985689e-01j\n",
      "  0.23991036-1.12668317e-01j 0.38920107-2.11858181e-17j]]\n",
      "[[ 0.+0.j -0.+0.j  0.+0.j -0.+0.j]\n",
      " [ 0.+0.j  0.-0.j -0.+0.j -0.+0.j]\n",
      " [ 0.+0.j  0.+0.j  0.+0.j  0.+0.j]\n",
      " [ 0.+0.j  0.+0.j  0.+0.j  0.-0.j]]\n",
      "(1+0j)\n",
      "No: entangled state.\n",
      "For i =  13\n",
      "[[0.66583813-1.17824233e-17j 0.40076891+4.79240922e-01j\n",
      "  1.09100579-6.27334075e-01j 1.3329871 +7.02229341e-01j]\n",
      " [0.40076891-4.79240922e-01j 0.20735381+1.89420236e-17j\n",
      "  0.05820926+3.43548675e-01j 0.84083139+1.55116247e-01j]\n",
      " [1.09100579+6.27334075e-01j 0.05820926-3.43548675e-01j\n",
      "  0.01259437+5.38944929e-19j 1.54467168+2.78093090e-01j]\n",
      " [1.3329871 -7.02229341e-01j 0.84083139-1.55116247e-01j\n",
      "  1.54467168-2.78093090e-01j 0.11421368-7.69854517e-18j]]\n",
      "[[ 0.-0.j  0.+0.j  0.+0.j -0.+0.j]\n",
      " [-0.+0.j  0.+0.j  0.+0.j -0.+0.j]\n",
      " [ 0.+0.j  0.+0.j  0.+0.j  0.+0.j]\n",
      " [ 0.+0.j  0.+0.j  0.+0.j  0.-0.j]]\n",
      "(1+0j)\n",
      "No: entangled state.\n",
      "For i =  14\n",
      "[[0.56724971-1.81024436e-17j 0.10900832+8.44653049e-02j\n",
      "  0.68279377-1.91426366e-02j 0.31412038+1.55981258e-02j]\n",
      " [0.10900832-8.44653049e-02j 0.05150553-3.52089323e-18j\n",
      "  0.09941553-2.67256361e-01j 0.08199661-1.19567766e-01j]\n",
      " [0.68279377+1.91426366e-02j 0.09941553+2.67256361e-01j\n",
      "  0.21561291+9.74598051e-18j 0.39643868+9.72552940e-02j]\n",
      " [0.31412038-1.55981258e-02j 0.08199661+1.19567766e-01j\n",
      "  0.39643868-9.72552940e-02j 0.16563184+1.18773564e-17j]]\n",
      "[[ 0.-0.j  0.-0.j -0.-0.j  0.+0.j]\n",
      " [-0.-0.j  0.-0.j  0.+0.j -0.+0.j]\n",
      " [ 0.-0.j  0.+0.j  0.+0.j -0.+0.j]\n",
      " [ 0.+0.j  0.+0.j  0.+0.j  0.+0.j]]\n",
      "(1+0j)\n",
      "No: entangled state.\n",
      "For i =  15\n",
      "[[0.23306921+2.69472854e-18j 0.05553367-2.27278068e-03j\n",
      "  0.09636254-3.08234889e-03j 0.0338862 -1.00415981e-01j]\n",
      " [0.05553367+2.27278068e-03j 0.26756397+9.25991418e-18j\n",
      "  0.27439521+3.81109969e-02j 0.00597534-2.61509154e-02j]\n",
      " [0.09636254+3.08234889e-03j 0.27439521-3.81109969e-02j\n",
      "  0.39590761-1.39216252e-17j 0.1529957 -1.77401883e-02j]\n",
      " [0.0338862 +1.00415981e-01j 0.00597534+2.61509154e-02j\n",
      "  0.1529957 +1.77401883e-02j 0.10345921+1.96698250e-18j]]\n",
      "[[ 0.+0.j  0.+0.j  0.-0.j -0.+0.j]\n",
      " [-0.+0.j  0.+0.j  0.+0.j -0.+0.j]\n",
      " [ 0.-0.j -0.+0.j  0.-0.j  0.-0.j]\n",
      " [ 0.+0.j  0.+0.j  0.-0.j  0.+0.j]]\n",
      "(1-0j)\n",
      "No: entangled state.\n",
      "For i =  16\n",
      "[[0.1704257 -8.52534273e-18j 0.04844065+7.81670821e-02j\n",
      "  0.00587562-3.20805970e-02j 0.09382738+1.64407586e-01j]\n",
      " [0.04844065-7.81670821e-02j 0.57571349+1.82818499e-17j\n",
      "  0.09819524-9.81163687e-06j 0.07298559+1.66536066e-02j]\n",
      " [0.00587562+3.20805970e-02j 0.09819524+9.81163687e-06j\n",
      "  0.07950881+7.79297444e-18j 0.0797102 +1.42664811e-01j]\n",
      " [0.09382738-1.64407586e-01j 0.07298559-1.66536066e-02j\n",
      "  0.0797102 -1.42664811e-01j 0.17435199-1.75494816e-17j]]\n",
      "[[ 0.-0.j  0.-0.j -0.+0.j  0.+0.j]\n",
      " [-0.-0.j  0.+0.j -0.-0.j  0.-0.j]\n",
      " [ 0.+0.j  0.-0.j  0.+0.j  0.+0.j]\n",
      " [-0.+0.j  0.-0.j -0.+0.j  0.-0.j]]\n",
      "(1+0j)\n",
      "No: entangled state.\n",
      "For i =  17\n",
      "[[0.39902073+1.81186873e-19j 0.73571683-2.74392429e-02j\n",
      "  0.35395977-2.34122050e-01j 0.45013337-3.06485301e-01j]\n",
      " [0.73571683+2.74392429e-02j 0.42072356+6.65126245e-18j\n",
      "  0.07320235+5.76227615e-02j 0.12175172+7.35688748e-02j]\n",
      " [0.35395977+2.34122050e-01j 0.07320235-5.76227615e-02j\n",
      "  0.03470259+5.48616772e-19j 0.01362286-2.12974143e-01j]\n",
      " [0.45013337+3.06485301e-01j 0.12175172-7.35688748e-02j\n",
      "  0.01362286+2.12974143e-01j 0.14555312-7.38106610e-18j]]\n",
      "[[ 0.+0.j  0.-0.j  0.+0.j  0.+0.j]\n",
      " [ 0.-0.j  0.+0.j  0.-0.j -0.-0.j]\n",
      " [ 0.+0.j -0.-0.j  0.+0.j  0.-0.j]\n",
      " [-0.+0.j  0.-0.j -0.-0.j  0.-0.j]]\n",
      "(1+0j)\n",
      "No: entangled state.\n",
      "For i =  18\n",
      "[[0.00482906-1.65591915e-19j 0.18180472+4.54730435e-02j\n",
      "  0.41239919-2.42704416e-01j 0.34899428-1.36770660e-01j]\n",
      " [0.18180472-4.54730435e-02j 0.10902221-3.21089863e-18j\n",
      "  0.06694415+4.85206576e-03j 0.12265423+5.79079229e-03j]\n",
      " [0.41239919+2.42704416e-01j 0.06694415-4.85206576e-03j\n",
      "  0.47786951-1.63864802e-17j 0.09063901-4.61927127e-03j]\n",
      " [0.34899428+1.36770660e-01j 0.12265423-5.79079229e-03j\n",
      "  0.09063901+4.61927127e-03j 0.40827922+1.97629707e-17j]]\n",
      "[[ 0.-0.j -0.-0.j -0.+0.j  0.+0.j]\n",
      " [ 0.-0.j  0.-0.j  0.-0.j  0.+0.j]\n",
      " [ 0.+0.j  0.-0.j  0.-0.j -0.-0.j]\n",
      " [ 0.+0.j  0.+0.j  0.-0.j  0.+0.j]]\n",
      "(1-0j)\n",
      "No: entangled state.\n",
      "For i =  19\n",
      "[[0.51853245+2.05904993e-17j 0.53732107-3.32239140e-01j\n",
      "  0.13060431-4.07415111e-02j 0.19258912-1.29342326e-01j]\n",
      " [0.53732107+3.32239140e-01j 0.20915484-1.07234434e-17j\n",
      "  0.09511185-6.62081761e-02j 0.28872959+1.50770259e-01j]\n",
      " [0.13060431+4.07415111e-02j 0.09511185+6.62081761e-02j\n",
      "  0.24441782-1.02452960e-17j 0.13888792-4.16645615e-02j]\n",
      " [0.19258912+1.29342326e-01j 0.28872959-1.50770259e-01j\n",
      "  0.13888792+4.16645615e-02j 0.0278949 +3.78240102e-19j]]\n",
      "[[ 0.+0.j -0.+0.j  0.+0.j -0.+0.j]\n",
      " [ 0.+0.j  0.-0.j -0.+0.j  0.+0.j]\n",
      " [ 0.+0.j  0.+0.j  0.-0.j  0.+0.j]\n",
      " [ 0.+0.j  0.+0.j  0.+0.j  0.+0.j]]\n",
      "(1-0j)\n",
      "No: entangled state.\n",
      "For i =  20\n",
      "[[0.32252867-1.69460028e-18j 0.28053513-2.81570947e-01j\n",
      "  0.05598481+1.97924410e-02j 0.16361337+8.51718766e-02j]\n",
      " [0.28053513+2.81570947e-01j 0.22861451-1.17093800e-17j\n",
      "  0.12199513-3.73421175e-02j 0.35231117-3.49834588e-01j]\n",
      " [0.05598481-1.97924410e-02j 0.12199513+3.73421175e-02j\n",
      "  0.35825574+1.91341153e-17j 0.16369775+1.23431698e-02j]\n",
      " [0.16361337-8.51718766e-02j 0.35231117+3.49834588e-01j\n",
      "  0.16369775-1.23431698e-02j 0.09060107-5.73013511e-18j]]\n",
      "[[ 0.-0.j -0.+0.j -0.+0.j -0.+0.j]\n",
      " [ 0.+0.j  0.-0.j  0.-0.j -0.+0.j]\n",
      " [ 0.+0.j -0.-0.j  0.+0.j  0.+0.j]\n",
      " [ 0.+0.j  0.+0.j  0.+0.j  0.-0.j]]\n",
      "(1+0j)\n",
      "No: entangled state.\n",
      "For i =  21\n",
      "[[0.08140044-4.59062611e-19j 0.38792595+1.28358207e-01j\n",
      "  0.01747989+1.89225114e-03j 0.32516746-1.05355826e-01j]\n",
      " [0.38792595-1.28358207e-01j 0.24842286-5.56232596e-18j\n",
      "  0.17026069+2.04793101e-01j 0.02003487+2.95104514e-03j]\n",
      " [0.01747989-1.89225114e-03j 0.17026069-2.04793101e-01j\n",
      "  0.12457997+1.47924190e-17j 0.08878987+9.11929536e-02j]\n",
      " [0.32516746+1.05355826e-01j 0.02003487-2.95104514e-03j\n",
      "  0.08878987-9.11929536e-02j 0.54559673-8.77103039e-18j]]\n",
      "[[ 0.-0.j  0.+0.j  0.+0.j  0.+0.j]\n",
      " [ 0.+0.j  0.-0.j  0.+0.j  0.+0.j]\n",
      " [ 0.+0.j  0.+0.j  0.+0.j  0.+0.j]\n",
      " [-0.+0.j  0.+0.j -0.+0.j  0.-0.j]]\n",
      "(1-0j)\n",
      "No: entangled state.\n",
      "For i =  22\n",
      "[[ 0.05697183-3.97784793e-18j  0.13100822+7.72067362e-02j\n",
      "  -0.01104787-6.53381477e-02j  0.27867289-1.12716532e-01j]\n",
      " [ 0.13100822-7.72067362e-02j  0.45765214+1.52442382e-17j\n",
      "   0.05341361+1.48339575e-01j  0.64806543-5.69864976e-01j]\n",
      " [-0.01104787+6.53381477e-02j  0.05341361-1.48339575e-01j\n",
      "   0.33169458-1.56532010e-17j -0.00844977-1.71994338e-01j]\n",
      " [ 0.27867289+1.12716532e-01j  0.64806543+5.69864976e-01j\n",
      "  -0.00844977+1.71994338e-01j  0.15368145+4.38681071e-18j]]\n",
      "[[ 0.-0.j  0.+0.j -0.-0.j -0.-0.j]\n",
      " [-0.+0.j  0.+0.j  0.+0.j  0.-0.j]\n",
      " [ 0.-0.j -0.+0.j  0.-0.j  0.+0.j]\n",
      " [ 0.-0.j  0.-0.j -0.+0.j  0.+0.j]]\n",
      "(1-0j)\n",
      "No: entangled state.\n",
      "For i =  23\n",
      "[[0.04016046-8.86154866e-19j 0.44837298+4.17411672e-01j\n",
      "  0.17161729-1.67707950e-01j 0.12693211-5.76635772e-03j]\n",
      " [0.44837298-4.17411672e-01j 0.86376884+2.77766791e-18j\n",
      "  0.27746633+4.27132055e-01j 0.08135966-1.08175524e-01j]\n",
      " [0.17161729+1.67707950e-01j 0.27746633-4.27132055e-01j\n",
      "  0.06843998-1.68238801e-18j 0.24902516-1.58414268e-01j]\n",
      " [0.12693211+5.76635772e-03j 0.08135966+1.08175524e-01j\n",
      "  0.24902516+1.58414268e-01j 0.02763072-2.09125033e-19j]]\n",
      "[[ 0.-0.j -0.-0.j  0.-0.j  0.+0.j]\n",
      " [ 0.-0.j  0.+0.j  0.+0.j  0.+0.j]\n",
      " [ 0.-0.j  0.+0.j  0.-0.j  0.+0.j]\n",
      " [ 0.+0.j  0.+0.j  0.+0.j  0.-0.j]]\n",
      "(1-0j)\n",
      "No: entangled state.\n",
      "For i =  24\n",
      "[[0.29533852+1.65617013e-17j 0.09047706-3.24706336e-02j\n",
      "  0.10488233+2.04254821e-01j 0.22027196-1.95788760e-01j]\n",
      " [0.09047706+3.24706336e-02j 0.38399503-2.98368307e-17j\n",
      "  0.03349324+5.07754275e-02j 0.12712352+3.49002650e-02j]\n",
      " [0.10488233-2.04254821e-01j 0.03349324-5.07754275e-02j\n",
      "  0.07206498-4.19987931e-18j 0.46977595+2.26955356e-02j]\n",
      " [0.22027196+1.95788760e-01j 0.12712352-3.49002650e-02j\n",
      "  0.46977595-2.26955356e-02j 0.24860147+1.74750087e-17j]]\n",
      "[[ 0.+0.j  0.+0.j  0.+0.j  0.-0.j]\n",
      " [ 0.+0.j  0.-0.j  0.-0.j  0.+0.j]\n",
      " [ 0.+0.j  0.-0.j  0.-0.j -0.-0.j]\n",
      " [ 0.-0.j  0.+0.j  0.-0.j  0.+0.j]]\n",
      "(1-0j)\n",
      "No: entangled state.\n",
      "For i =  25\n",
      "[[0.03154338-1.67099323e-18j 0.07915309+8.86073614e-02j\n",
      "  0.18488348-1.41094656e-01j 0.02737392-7.14490085e-02j]\n",
      " [0.07915309-8.86073614e-02j 0.5759145 +2.41745527e-17j\n",
      "  0.09196986+1.31435749e-02j 0.40522625+3.31158964e-01j]\n",
      " [0.18488348+1.41094656e-01j 0.09196986-1.31435749e-02j\n",
      "  0.09886329-6.94608268e-18j 0.71618754+3.49466890e-02j]\n",
      " [0.02737392+7.14490085e-02j 0.40522625-3.31158964e-01j\n",
      "  0.71618754-3.49466890e-02j 0.29367883-1.55574768e-17j]]\n",
      "[[ 0.-0.j  0.+0.j  0.-0.j -0.+0.j]\n",
      " [ 0.+0.j  0.+0.j  0.-0.j -0.+0.j]\n",
      " [ 0.-0.j  0.-0.j  0.-0.j -0.-0.j]\n",
      " [ 0.+0.j  0.+0.j  0.-0.j  0.-0.j]]\n",
      "(1+0j)\n",
      "No: entangled state.\n",
      "For i =  26\n",
      "[[ 0.06681686-3.36379287e-18j  0.09210039-5.95521649e-02j\n",
      "   0.20024111+1.26357818e-04j  0.02332178+3.02479474e-02j]\n",
      " [ 0.09210039+5.95521649e-02j  0.73254665+1.71934426e-18j\n",
      "   0.1505276 -2.13558254e-01j  0.27531932+1.80178229e-01j]\n",
      " [ 0.20024111-1.26357818e-04j  0.1505276 +2.13558254e-01j\n",
      "   0.18548245+4.35341818e-19j -0.14740316-2.46166851e-01j]\n",
      " [ 0.02332178-3.02479474e-02j  0.27531932-1.80178229e-01j\n",
      "  -0.14740316+2.46166851e-01j  0.01515403+1.20910679e-18j]]\n",
      "[[ 0.-0.j -0.-0.j  0.-0.j  0.+0.j]\n",
      " [ 0.-0.j  0.+0.j -0.+0.j -0.+0.j]\n",
      " [ 0.-0.j  0.+0.j  0.+0.j  0.+0.j]\n",
      " [ 0.+0.j  0.+0.j  0.+0.j  0.+0.j]]\n",
      "(1+0j)\n",
      "No: entangled state.\n",
      "For i =  27\n",
      "[[ 0.17859704-1.17286628e-17j  0.0244592 +1.27504521e-02j\n",
      "   0.30196599+1.22373187e-02j -0.01107885-3.06429639e-02j]\n",
      " [ 0.0244592 -1.27504521e-02j  0.36888051-2.74137779e-18j\n",
      "   0.02045454-5.99435716e-03j  0.16930041+1.76540096e-02j]\n",
      " [ 0.30196599-1.22373187e-02j  0.02045454+5.99435716e-03j\n",
      "   0.22891886+3.18676026e-18j  0.10292703+7.92403163e-02j]\n",
      " [-0.01107885+3.06429639e-02j  0.16930041-1.76540096e-02j\n",
      "   0.10292703-7.92403163e-02j  0.22360359+1.12832804e-17j]]\n",
      "[[ 0.-0.j -0.+0.j  0.-0.j  0.+0.j]\n",
      " [ 0.+0.j  0.-0.j  0.+0.j -0.-0.j]\n",
      " [-0.-0.j -0.+0.j  0.+0.j  0.+0.j]\n",
      " [-0.+0.j  0.-0.j  0.+0.j  0.+0.j]]\n",
      "(1+0j)\n",
      "No: entangled state.\n",
      "For i =  28\n",
      "[[0.1695637 -6.82857818e-18j 0.12243007+5.68095380e-02j\n",
      "  0.3465657 +2.55764535e-01j 0.08064815+4.79638983e-02j]\n",
      " [0.12243007-5.68095380e-02j 0.53260527+3.71278801e-17j\n",
      "  0.09218616+9.72502340e-02j 0.19220337-4.21462949e-02j]\n",
      " [0.3465657 -2.55764535e-01j 0.09218616-9.72502340e-02j\n",
      "  0.24216198-2.43963854e-17j 0.05784011-2.67367247e-02j]\n",
      " [0.08064815-4.79638983e-02j 0.19220337+4.21462949e-02j\n",
      "  0.05784011+2.67367247e-02j 0.05566906-5.90291660e-18j]]\n",
      "[[ 0.-0.j  0.+0.j  0.+0.j  0.-0.j]\n",
      " [-0.+0.j  0.+0.j  0.+0.j  0.-0.j]\n",
      " [-0.+0.j  0.+0.j  0.-0.j  0.-0.j]\n",
      " [-0.-0.j  0.-0.j -0.-0.j  0.-0.j]]\n",
      "(1+0j)\n",
      "No: entangled state.\n",
      "For i =  29\n",
      "[[0.56043141+1.44141323e-17j 0.48887079+1.83839217e-01j\n",
      "  0.11179331+1.02484883e-01j 0.03272493+2.48816849e-02j]\n",
      " [0.48887079-1.83839217e-01j 0.12431442+3.66971833e-18j\n",
      "  0.12291111+1.10057598e-01j 0.01440546+2.36134006e-01j]\n",
      " [0.11179331-1.02484883e-01j 0.12291111-1.10057598e-01j\n",
      "  0.28621264-1.79621468e-17j 0.07518982+1.97932514e-01j]\n",
      " [0.03272493-2.48816849e-02j 0.01440546-2.36134006e-01j\n",
      "  0.07518982-1.97932514e-01j 0.02904153-1.21703787e-19j]]\n",
      "[[ 0.+0.j  0.-0.j -0.-0.j  0.+0.j]\n",
      " [ 0.-0.j  0.+0.j  0.+0.j -0.-0.j]\n",
      " [ 0.-0.j  0.+0.j  0.-0.j  0.+0.j]\n",
      " [-0.+0.j  0.-0.j  0.+0.j  0.-0.j]]\n",
      "(1-0j)\n",
      "No: entangled state.\n",
      "For i =  30\n",
      "[[0.35139252+1.65741663e-18j 0.29815779-4.48418332e-02j\n",
      "  0.09210744-5.94989886e-03j 0.17210775-1.25088190e-01j]\n",
      " [0.29815779+4.48418332e-02j 0.16829867+6.01375139e-18j\n",
      "  0.091513  -1.29037693e-02j 0.14260813-3.82629267e-01j]\n",
      " [0.09210744+5.94989886e-03j 0.091513  +1.29037693e-02j\n",
      "  0.1636421 +9.88131945e-18j 0.88241602-1.14744041e-01j]\n",
      " [0.17210775+1.25088190e-01j 0.14260813+3.82629267e-01j\n",
      "  0.88241602+1.14744041e-01j 0.31666671-1.75524875e-17j]]\n",
      "[[ 0.+0.j  0.-0.j  0.-0.j -0.-0.j]\n",
      " [-0.-0.j  0.+0.j  0.-0.j  0.-0.j]\n",
      " [-0.-0.j  0.-0.j  0.+0.j  0.-0.j]\n",
      " [ 0.-0.j  0.-0.j  0.-0.j  0.-0.j]]\n",
      "(1+0j)\n",
      "No: entangled state.\n",
      "For i =  31\n",
      "[[ 0.03858714+2.84812699e-18j  0.18304281+7.58322597e-02j\n",
      "   0.10280764-7.50753812e-02j  0.07140558-4.04741391e-02j]\n",
      " [ 0.18304281-7.58322597e-02j  0.19458916+5.03833888e-18j\n",
      "  -0.00559072+4.30029430e-02j  0.32222006+1.09490370e-02j]\n",
      " [ 0.10280764+7.50753812e-02j -0.00559072-4.30029430e-02j\n",
      "   0.0043162 +2.03242200e-19j  0.10247695+4.85830737e-02j]\n",
      " [ 0.07140558+4.04741391e-02j  0.32222006-1.09490370e-02j\n",
      "   0.10247695-4.85830737e-02j  0.76250751-8.08970807e-18j]]\n",
      "[[ 0.+0.j  0.+0.j  0.+0.j  0.+0.j]\n",
      " [ 0.+0.j  0.+0.j -0.+0.j  0.+0.j]\n",
      " [ 0.+0.j  0.+0.j  0.+0.j  0.+0.j]\n",
      " [ 0.+0.j  0.+0.j  0.+0.j  0.-0.j]]\n",
      "(1+0j)\n",
      "No: entangled state.\n",
      "For i =  32\n",
      "[[ 0.17065789+2.88078303e-18j -0.04344039-5.87945039e-02j\n",
      "   0.2189266 +9.80015991e-02j  0.08249   -6.60405429e-02j]\n",
      " [-0.04344039+5.87945039e-02j  0.23008814-1.08183398e-17j\n",
      "   0.05045055+2.17640690e-03j  0.10226724-9.11182455e-02j]\n",
      " [ 0.2189266 -9.80015991e-02j  0.05045055-2.17640690e-03j\n",
      "   0.35247401+5.94992202e-18j  0.44238375-3.10416651e-01j]\n",
      " [ 0.08249   +6.60405429e-02j  0.10226724+9.11182455e-02j\n",
      "   0.44238375+3.10416651e-01j  0.24677995+1.98763479e-18j]]\n",
      "[[ 0.+0.j  0.+0.j  0.+0.j -0.+0.j]\n",
      " [-0.+0.j  0.-0.j  0.+0.j  0.+0.j]\n",
      " [-0.+0.j  0.+0.j  0.+0.j  0.-0.j]\n",
      " [ 0.+0.j  0.+0.j  0.-0.j  0.+0.j]]\n",
      "(1+0j)\n",
      "No: entangled state.\n",
      "For i =  33\n",
      "[[0.02045294-7.93663843e-19j 0.99435983+1.33041590e-01j\n",
      "  0.71054119+6.79669453e-01j 0.24116208-3.67111663e-01j]\n",
      " [0.99435983-1.33041590e-01j 0.37195083+2.99145482e-17j\n",
      "  2.02948831+1.14232957e+00j 0.1026791 +4.04085714e-02j]\n",
      " [0.71054119-6.79669453e-01j 2.02948831-1.14232957e+00j\n",
      "  0.54394406-2.66509010e-17j 0.68856483-1.73833219e-01j]\n",
      " [0.24116208+3.67111663e-01j 0.1026791 -4.04085714e-02j\n",
      "  0.68856483+1.73833219e-01j 0.06365216-2.46998335e-18j]]\n",
      "[[ 0.-0.j  0.-0.j  0.+0.j  0.-0.j]\n",
      " [-0.-0.j  0.+0.j  0.+0.j  0.+0.j]\n",
      " [ 0.+0.j -0.+0.j  0.-0.j -0.-0.j]\n",
      " [-0.-0.j  0.+0.j  0.-0.j  0.-0.j]]\n",
      "(1+0j)\n",
      "No: entangled state.\n",
      "For i =  34\n",
      "[[0.03034973+1.81950272e-18j 0.10689747-4.84186252e-02j\n",
      "  0.0344741 +2.36631600e-02j 0.34470668+1.26101118e-02j]\n",
      " [0.10689747+4.84186252e-02j 0.11854177+1.47891824e-17j\n",
      "  0.08376237+3.15773812e-02j 0.10990703+1.92434312e-02j]\n",
      " [0.0344741 -2.36631600e-02j 0.08376237-3.15773812e-02j\n",
      "  0.69246553-8.80518891e-18j 0.12407982-1.15968968e-01j]\n",
      " [0.34470668-1.26101118e-02j 0.10990703-1.92434312e-02j\n",
      "  0.12407982+1.15968968e-01j 0.15864297-7.80349620e-18j]]\n",
      "[[ 0.+0.j -0.+0.j  0.+0.j -0.+0.j]\n",
      " [ 0.+0.j  0.+0.j -0.-0.j -0.-0.j]\n",
      " [-0.+0.j  0.-0.j  0.-0.j -0.+0.j]\n",
      " [ 0.+0.j  0.-0.j  0.+0.j  0.-0.j]]\n",
      "(1+0j)\n",
      "No: entangled state.\n",
      "For i =  35\n",
      "[[0.38535662+7.15106625e-18j 0.20820865-1.33565313e-01j\n",
      "  0.20361378+1.47914335e-01j 0.06442941-1.50904219e-01j]\n",
      " [0.20820865+1.33565313e-01j 0.03199937-8.17884122e-19j\n",
      "  0.13210603+3.55714572e-02j 0.0292592 -1.08822327e-01j]\n",
      " [0.20361378-1.47914335e-01j 0.13210603-3.55714572e-02j\n",
      "  0.58204924-6.29726731e-18j 0.04956235+7.17047223e-02j]\n",
      " [0.06442941+1.50904219e-01j 0.0292592 +1.08822327e-01j\n",
      "  0.04956235-7.17047223e-02j 0.00059477-3.59148165e-20j]]\n",
      "[[ 0.+0.j -0.-0.j -0.-0.j  0.+0.j]\n",
      " [ 0.-0.j  0.-0.j  0.+0.j -0.+0.j]\n",
      " [ 0.-0.j  0.+0.j  0.-0.j  0.+0.j]\n",
      " [ 0.+0.j  0.+0.j  0.+0.j  0.-0.j]]\n",
      "(1+0j)\n",
      "No: entangled state.\n",
      "For i =  36\n",
      "[[0.37891379-2.68997976e-17j 0.04818649+9.89296630e-03j\n",
      "  0.16515353-2.00810261e-02j 0.42679806+1.31294067e-01j]\n",
      " [0.04818649-9.89296630e-03j 0.22989523+2.19211132e-18j\n",
      "  0.03452969+4.98331358e-03j 0.59853641+4.07082644e-01j]\n",
      " [0.16515353+2.00810261e-02j 0.03452969-4.98331358e-03j\n",
      "  0.30022833+1.81191759e-17j 0.15246178+1.60610449e-02j]\n",
      " [0.42679806-1.31294067e-01j 0.59853641-4.07082644e-01j\n",
      "  0.15246178-1.60610449e-02j 0.09096266+6.58851033e-18j]]\n",
      "[[ 0.-0.j -0.+0.j  0.-0.j  0.+0.j]\n",
      " [ 0.+0.j  0.+0.j -0.+0.j  0.-0.j]\n",
      " [-0.-0.j  0.+0.j  0.+0.j  0.+0.j]\n",
      " [ 0.+0.j -0.-0.j  0.+0.j  0.+0.j]]\n",
      "(1-0j)\n",
      "No: entangled state.\n",
      "For i =  37\n",
      "[[0.08886261+3.82671676e-18j 0.08007452+3.05879088e-02j\n",
      "  0.00177693-2.08198100e-02j 0.01029566+2.35019061e-03j]\n",
      " [0.08007452-3.05879088e-02j 0.01099999-3.19396371e-19j\n",
      "  0.02768739+6.03865930e-02j 0.01905528+7.34567448e-02j]\n",
      " [0.00177693+2.08198100e-02j 0.02768739-6.03865930e-02j\n",
      "  0.25055489-2.74155148e-18j 0.0525552 +2.42124538e-02j]\n",
      " [0.01029566-2.35019061e-03j 0.01905528-7.34567448e-02j\n",
      "  0.0525552 -2.42124538e-02j 0.6495825 -7.65768901e-19j]]\n",
      "[[ 0.+0.j  0.-0.j  0.+0.j -0.+0.j]\n",
      " [-0.-0.j  0.-0.j  0.+0.j  0.-0.j]\n",
      " [-0.+0.j -0.+0.j  0.-0.j -0.+0.j]\n",
      " [ 0.+0.j  0.-0.j  0.+0.j  0.-0.j]]\n",
      "(1-0j)\n",
      "No: entangled state.\n",
      "For i =  38\n",
      "[[ 0.19552825+1.26859913e-17j  0.04877608-8.87554683e-02j\n",
      "   0.01611871+2.42493466e-02j  0.00109145-1.89688254e-02j]\n",
      " [ 0.04877608+8.87554683e-02j  0.42166582+1.41080305e-17j\n",
      "   0.07661022-3.84957199e-02j -0.01371151+1.71295601e-01j]\n",
      " [ 0.01611871-2.42493466e-02j  0.07661022+3.84957199e-02j\n",
      "   0.02970797+8.23271907e-19j  0.2079551 +6.58666839e-02j]\n",
      " [ 0.00109145+1.89688254e-02j -0.01371151-1.71295601e-01j\n",
      "   0.2079551 -6.58666839e-02j  0.35309796-2.76172937e-17j]]\n",
      "[[ 0.+0.j  0.-0.j  0.+0.j  0.-0.j]\n",
      " [-0.-0.j  0.+0.j  0.+0.j  0.+0.j]\n",
      " [ 0.+0.j  0.+0.j  0.+0.j  0.-0.j]\n",
      " [-0.-0.j -0.+0.j  0.-0.j  0.-0.j]]\n",
      "(1+0j)\n",
      "No: entangled state.\n",
      "For i =  39\n",
      "[[0.28546308-7.65539423e-18j 0.2389098 -5.12517942e-03j\n",
      "  0.18118042+3.26425719e-02j 0.0481161 -3.14898490e-02j]\n",
      " [0.2389098 +5.12517942e-03j 0.43282097+1.54444987e-17j\n",
      "  0.08060307+1.52829008e-01j 0.07575373+2.88476570e-02j]\n",
      " [0.18118042-3.26425719e-02j 0.08060307-1.52829008e-01j\n",
      "  0.016005  +5.71112030e-19j 0.12264355+2.21385806e-03j]\n",
      " [0.0481161 +3.14898490e-02j 0.07575373-2.88476570e-02j\n",
      "  0.12264355-2.21385806e-03j 0.26571094-8.36021646e-18j]]\n",
      "[[ 0.-0.j  0.+0.j -0.-0.j -0.-0.j]\n",
      " [-0.+0.j  0.+0.j -0.+0.j -0.+0.j]\n",
      " [ 0.-0.j  0.+0.j  0.+0.j -0.+0.j]\n",
      " [ 0.-0.j  0.+0.j  0.+0.j  0.-0.j]]\n",
      "(1-0j)\n",
      "No: entangled state.\n",
      "For i =  40\n",
      "[[0.50999001+4.89829022e-18j 0.04726779+8.85804790e-02j\n",
      "  0.07407549-9.53872729e-02j 0.04046937-3.17439295e-02j]\n",
      " [0.04726779-8.85804790e-02j 0.14573108-1.11955982e-18j\n",
      "  0.05903039-1.70665951e-01j 0.0534112 +3.99240621e-02j]\n",
      " [0.07407549+9.53872729e-02j 0.05903039+1.70665951e-01j\n",
      "  0.09262068+3.88121317e-18j 0.0611365 -3.49844358e-02j]\n",
      " [0.04046937+3.17439295e-02j 0.0534112 -3.99240621e-02j\n",
      "  0.0611365 +3.49844358e-02j 0.25165824-7.65994356e-18j]]\n",
      "[[ 0.+0.j  0.+0.j  0.-0.j  0.+0.j]\n",
      " [ 0.+0.j  0.-0.j  0.+0.j  0.+0.j]\n",
      " [-0.-0.j -0.+0.j  0.+0.j -0.+0.j]\n",
      " [ 0.+0.j  0.+0.j  0.+0.j  0.-0.j]]\n",
      "(1+0j)\n",
      "Yes: separable state.\n",
      "For i =  41\n",
      "[[0.57475545+7.63391543e-18j 0.07147329-3.20198298e-02j\n",
      "  0.19544755-4.99404803e-02j 0.05789186+3.40321621e-02j]\n",
      " [0.07147329+3.20198298e-02j 0.16032841-2.87818739e-18j\n",
      "  0.00606344+2.38188919e-02j 0.05747326-5.00069558e-02j]\n",
      " [0.19544755+4.99404803e-02j 0.00606344-2.38188919e-02j\n",
      "  0.02559339-4.59448096e-19j 0.04180246+1.19600971e-02j]\n",
      " [0.05789186-3.40321621e-02j 0.05747326+5.00069558e-02j\n",
      "  0.04180246-1.19600971e-02j 0.23932275-4.29627994e-18j]]\n",
      "[[ 0.+0.j  0.-0.j  0.+0.j -0.+0.j]\n",
      " [-0.-0.j  0.-0.j -0.+0.j  0.+0.j]\n",
      " [ 0.+0.j  0.+0.j  0.-0.j  0.-0.j]\n",
      " [ 0.+0.j  0.+0.j  0.-0.j  0.-0.j]]\n",
      "(1+0j)\n",
      "No: entangled state.\n",
      "For i =  42\n",
      "[[0.24239561+2.53337370e-18j 0.11384943+7.43400947e-02j\n",
      "  0.08860337+8.82299054e-02j 0.11648898-1.00267996e-02j]\n",
      " [0.11384943-7.43400947e-02j 0.40025544+7.42177359e-18j\n",
      "  0.10268893-9.64380678e-02j 0.05073228+1.34676404e-02j]\n",
      " [0.08860337-8.82299054e-02j 0.10268893+9.64380678e-02j\n",
      "  0.31861739-8.87615071e-18j 0.11408954-8.93297414e-02j]\n",
      " [0.11648898+1.00267996e-02j 0.05073228-1.34676404e-02j\n",
      "  0.11408954+8.93297414e-02j 0.03873155-1.07899658e-18j]]\n",
      "[[ 0.+0.j  0.+0.j -0.-0.j -0.-0.j]\n",
      " [ 0.+0.j  0.+0.j -0.+0.j  0.-0.j]\n",
      " [ 0.-0.j  0.+0.j  0.-0.j  0.-0.j]\n",
      " [ 0.-0.j -0.-0.j -0.-0.j  0.-0.j]]\n",
      "(1+0j)\n",
      "No: entangled state.\n",
      "For i =  43\n",
      "[[0.12644406-1.91748146e-18j 0.24119265+4.14595904e-03j\n",
      "  0.17481023-2.52857933e-01j 0.04582355+5.25346861e-02j]\n",
      " [0.24119265-4.14595904e-03j 0.31440021+2.81455802e-18j\n",
      "  0.03787304-1.14489457e-02j 0.0739801 +6.48868194e-02j]\n",
      " [0.17481023+2.52857933e-01j 0.03787304+1.14489457e-02j\n",
      "  0.36813362-5.58262180e-18j 0.4612506 +4.20209220e-01j]\n",
      " [0.04582355-5.25346861e-02j 0.0739801 -6.48868194e-02j\n",
      "  0.4612506 -4.20209220e-01j 0.19102211+4.68554523e-18j]]\n",
      "[[ 0.-0.j  0.+0.j  0.+0.j -0.+0.j]\n",
      " [ 0.+0.j  0.+0.j  0.+0.j -0.+0.j]\n",
      " [ 0.+0.j  0.+0.j  0.-0.j  0.-0.j]\n",
      " [ 0.+0.j  0.+0.j  0.-0.j  0.+0.j]]\n",
      "(1+0j)\n",
      "No: entangled state.\n",
      "For i =  44\n",
      "[[0.16499234-1.55570456e-17j 0.23947297+3.19134623e-02j\n",
      "  0.1447041 +3.48956280e-02j 0.41881772-8.34183629e-03j]\n",
